0
0
0
0
0
0
0
0
0
0
0
0
0
0
0
0
0
0
0
0
0
0
0
0
0
0
0
0
0
0
0
0
0
0
0
0
0
0
0
0
0
0
0
0
0
0
0
0
0
0
9
9
11
4
12
10
6
6
12
8
3
0
0
6
0
12
4
3
6
7
7
14
7
12
9
5
12
7
7
5
11
11
11
7
9
9
6
0
12
3
11
6
6
0
10
6
11
6
12
12
11
11
9
3
14
6
9
8
9
13
6
7
0
0
11
13
11
9
9
9
9
6
11
12
5
5
6
7
11
0
13
4
4
8
8
4
12
0
4
12
5
9
9
11
13
9
11
9
11
9
7
9
7
8
6
7
11
9
11
5
8
8
14
12
9
12
14
11
10
12
8
14
7
6
8
7
6
8
4
9
11
14
9
0
7
13
9
13
12
7
7
9
4
13
14
11
7
12
8
6
8
12
0
12
4
7
6
12
11
7
9
7
6
11
6
2
9
0
6
11
8
10
5
6
12
7
8
11
5
11
5
3
5
13
6
11
7
6
14
13
9
4
6
12
7
7
8
11
13
6
11
9
0
8
9
4
11
0
8
0
14
4
11
9
8
12
13
8
0
8
9
11
9
5
7
7
4
6
7
9
0
9
0
7
6
7
8
7
6
6
8
11
4
11
8
5
6
6
11
11
9
11
7
6
5
6
6
8
12
10
13
9
4
13
7
11
8
12
6
9
0
0
0
11
0
7
14
7
9
9
14
7
9
12
14
7
0
8
11
14
8
6
5
9
9
14
